1746.16372
1738.6553
1731.15057
1723.65006
1716.15425
1708.66369
1701.17887
1693.70036
1686.22868
1678.7644
1671.30806
1663.86022
1656.42148
1648.99236
1641.57354
1634.16552
1626.76894
1619.3844
1612.01247
1604.65384
1597.30906
1589.97873
1582.66358
1575.36413
1568.08103
1560.81496
1553.56653
1546.33635
1539.12506
1531.93331
1524.76177
1517.61104
1510.48173
1503.3745
1496.28997
1489.22877
1482.19153
1475.17886
1468.19139
1461.22973
1454.29447
1447.38621
1440.50554
1433.65303
1426.82926
1420.0348
1413.27031
1406.53621
1399.83302
1393.16136
1386.52176
1379.91457
1373.34053
1366.7999
1360.29328
1353.82105
1347.38374
1340.98161
1334.61539
1328.28517
1321.99138
1315.73465
1309.51509
1303.33307
1297.18894
1291.08302
1285.01561
1278.98702
1272.99749
1267.04729
1261.13664
1255.26574
1249.43478
1243.64391
1237.89328
1232.18321
1226.51376
1220.88487
1215.29696
1209.74987
1204.24378
1198.77873
1193.35482
1187.97184
1182.6303
1177.32974
1172.07021
1166.85196
1161.6748
1156.53862
1151.44338
1146.38902
1141.37547
1136.40264
1131.47042
1126.57866
1121.72723
1116.91594
1112.14487
1107.41377
1102.72227
1098.07025
1093.45791
1088.88446
1084.35025
1079.85462
1075.39777
1070.97895
1066.59868
1062.25605
1057.95098
1053.68364
1049.45334
1045.25986
1041.10298
1036.98254
1032.89838
1028.85005
1024.83729
1020.85981
1016.91735
1013.00962
1009.13658
1005.29771
1001.4927
997.7212
993.98288
990.27804
986.60579
982.9657
979.35827
975.78241
972.23822
968.72533
965.2434
961.79218
958.37148
954.98053
951.61998
948.28865
944.98635
941.71353
938.4692
935.2531
932.06502
928.90497
925.77254
922.66732
919.58903
916.53743
913.51224
910.5132
907.54004
904.59247
901.67023
898.77302
895.90055
893.0527
890.22939
887.43002
884.65429
881.90189
879.17305
876.46731
873.78405
871.12335
868.48525
865.86875
863.27441
860.70152
858.14981
855.61952
853.10971
850.621
848.15231
845.70414
843.27581
840.86713
838.47837
836.10846
833.7581
831.42662
829.11351
826.81925
824.54341
822.28543
820.04516
817.8231
815.61855
813.43121
811.26092
809.10752
806.97097
804.85134
802.74808
800.66103
798.59004
796.53493
794.49556
792.47176
790.46336
788.47022
786.49215
784.529
782.58061
780.64681
778.72743
776.8223
774.93127
773.05437
771.19155
769.34238
767.50669
765.6843
763.87504
762.07907
760.29646
758.52653
756.76911
755.02413
753.29232
751.57256
749.86468
748.16922
746.48591
744.81402
743.15402
741.50593
739.86879
738.24347
736.62938
735.02587
733.43434
731.85299
730.28289
728.72333
727.17425
725.63599
724.10763
722.59019
721.08225
719.58514
718.09729
716.62003
715.15198
713.69407
712.24552
710.80647
709.37709
707.95642
706.54592
705.14379
703.75118
702.3675
700.99207
699.62652
698.26907
696.92006
695.58031
694.24849
692.92494
691.61038
690.30361
689.00457
687.7146
686.43227
685.1575
683.8908
682.6323
681.38121
680.13748
678.90155
677.67353
676.45271
675.23903
674.03246
672.83377
671.64223
670.45763
669.27992
668.10905
666.94526
665.78875
664.63892
663.49572
662.35911
661.22904
660.10547
658.98841
657.87827
656.77446
655.67694
654.58566
653.50057
652.42162
651.34878
650.282
649.22123
648.16642
647.11754
646.07453
645.03735
644.00595
642.98039
641.96053
640.94629
639.93762
638.93447
637.9368
636.94457
635.95773
634.97623
634.00002
633.02923
632.06368
631.10332
630.1481
629.19798
628.25292
627.31286
626.37777
625.4476
624.5223
623.60182
622.68613
621.77517
620.8689
619.96727
619.07066
618.17881
617.29151
616.40869
615.53033
614.65636
613.78675
612.92146
612.06078
611.20483
610.35307
609.50548
608.662
607.82258
606.98719
606.15672
605.33029
604.50778
603.68914
602.87432
602.06367
601.25756
600.45516
599.65644
598.86135
598.07028
597.28363
596.5005
595.72086
594.94465
594.1729
593.40487
592.64017
591.87876
591.12134
590.36791
589.61766
588.87054
588.12731
587.38798
586.65168
585.91836
585.18918
584.46345
583.7406
583.02072
582.30532
581.5927
580.8828
580.17674
579.4741
578.77409
578.07715
577.38426
576.69389
576.00603
575.32264
574.64167
573.96307
573.2887
572.61689
571.94734
571.28189
570.619
569.95827
569.30168
568.64746
567.99531
567.34751
566.70174
566.05831
565.41885
564.78128
564.14656
563.51517
562.88556
562.25948
561.63591
561.01412
560.39652
559.78055
559.16731
558.55716
557.94853
557.34378
556.74085
556.14032
555.54301
554.94706
554.35492
553.76446
553.1765
552.59144
552.00764
551.42793
550.84935
550.27381
549.70044
549.12902
548.56077
547.9935
547.43026
546.86798
546.30881
545.75145
545.19633
544.64382
544.09274
543.545
542.99795
542.4549
541.91249
541.37343
540.83559
540.3005
539.76715
539.23602
538.70709
538.1799
537.65531
537.13206
536.61174
536.0924
535.57627
535.06084
534.54883
534.03728
533.52932
533.02164
532.51765
532.01382
531.51373
531.01375
530.51748
530.02132
529.52881
529.03646
528.54762
528.05907
527.57384
527.08906
526.60736
526.12635
525.6481
525.17084
524.69598
524.22245
523.7509
523.28109
522.81277
522.34667
521.88151
521.4191
520.95704
520.4983
520.03956
519.58417
519.12909
518.67663
518.2252
517.77559
517.32779
516.88096
516.43677
515.99265
515.55206
515.11148
514.67357
514.23657
513.80121
513.36779
512.9349
512.50503
512.07516
511.64821
511.22188
510.79724
510.37444
509.95204
509.53275
509.11346
508.69672
508.28093
507.86514