5.423575E-3
5.946252E-3
5.753089E-3
5.909325E-3
5.772973E-3
5.932049E-3
5.861033E-3
5.687754E-3
5.858193E-3
5.963296E-3
5.812742E-3
5.983181E-3
5.869555E-3
5.744567E-3
5.727523E-3
5.986022E-3
5.812742E-3
5.895121E-3
5.861033E-3
6.247361E-3
6.324058E-3
6.210432E-3
6.133735E-3
6.059878E-3
6.062719E-3
6.170664E-3
6.074082E-3
6.125213E-3
6.099647E-3
5.968978E-3
6.247361E-3
6.312695E-3
5.886599E-3
6.409277E-3
6.304173E-3
6.309855E-3
6.270086E-3
6.386552E-3
6.514381E-3
6.616644E-3
6.457568E-3
6.409277E-3
6.485975E-3
6.241679E-3
6.372349E-3
6.349624E-3
6.298492E-3
6.164982E-3
6.139416E-3
6.386552E-3
6.491655E-3
6.358146E-3
6.372349E-3
6.596760E-3
6.443365E-3
6.443365E-3
6.414958E-3
6.437684E-3
6.545628E-3
6.426321E-3
6.443365E-3
6.324058E-3
6.460409E-3
6.414958E-3
6.591078E-3
6.500178E-3
6.539946E-3
6.537106E-3
6.429161E-3
6.505859E-3
6.466090E-3
6.468931E-3
6.383711E-3
6.409277E-3
6.681979E-3
6.162141E-3
6.412118E-3
6.562672E-3
6.517222E-3
6.429161E-3
6.520063E-3
6.432002E-3
6.503019E-3
6.488815E-3
6.500178E-3
6.412118E-3
6.659254E-3
6.571194E-3
6.633688E-3
6.616644E-3
6.667776E-3
6.690501E-3
6.500178E-3
6.440524E-3
6.625166E-3
6.480293E-3
6.389393E-3
6.485975E-3
6.636528E-3
6.534266E-3
6.494496E-3
6.261564E-3
6.437684E-3
6.488815E-3
6.568354E-3
6.426321E-3
6.360986E-3
6.182026E-3
6.395074E-3
6.301333E-3
6.292811E-3
6.292811E-3
6.159301E-3
6.429161E-3
6.113851E-3
6.358146E-3
6.295652E-3
6.079763E-3
6.224636E-3
6.216113E-3
6.116691E-3
6.426321E-3
6.380871E-3
6.457568E-3
6.230317E-3
5.991703E-3
6.085444E-3
6.079763E-3
6.068401E-3
6.193389E-3
6.014428E-3
6.008747E-3
6.253042E-3
5.804220E-3
6.076922E-3
6.096807E-3
6.133735E-3
6.182026E-3
6.119532E-3
6.122373E-3
6.122373E-3
6.139416E-3
6.005906E-3
5.795699E-3
6.045675E-3
5.812742E-3
5.986022E-3
5.937731E-3
6.005906E-3
6.028631E-3
5.974659E-3
5.846830E-3
5.736045E-3
6.003066E-3
6.182026E-3
5.940571E-3
5.733205E-3
5.755930E-3
5.753089E-3
5.880918E-3
5.852511E-3
6.088285E-3
6.108169E-3
5.784336E-3
6.034313E-3
5.849671E-3
5.747408E-3
5.784336E-3
5.909325E-3
5.880918E-3
5.900802E-3
5.824105E-3
5.815583E-3
5.855352E-3
5.801380E-3
5.875237E-3
5.781495E-3
5.872396E-3
5.951934E-3
5.795699E-3
5.409372E-3
5.784336E-3
6.039994E-3
5.946252E-3
6.074082E-3
5.960456E-3
5.818424E-3
5.659348E-3
6.000225E-3
6.000225E-3
6.054197E-3
5.977499E-3
5.977499E-3
5.824105E-3
5.889440E-3
5.795699E-3
5.892280E-3
6.133735E-3
6.491655E-3
6.420640E-3
6.207592E-3
6.128054E-3
6.701863E-3
6.562672E-3
6.488815E-3
6.528584E-3
6.681979E-3
6.642210E-3
6.696182E-3
6.744473E-3
6.977405E-3
6.892187E-3
6.895027E-3
6.710385E-3
6.625166E-3
6.690501E-3
7.068306E-3
6.923433E-3
6.892187E-3
6.931955E-3
6.897868E-3
6.968884E-3
6.946159E-3
6.954681E-3
7.028537E-3
7.196135E-3
7.346689E-3
7.460315E-3
7.642116E-3
8.034124E-3
7.806873E-3
7.440431E-3
7.360892E-3
7.505765E-3
7.221701E-3
7.125119E-3
7.210338E-3
7.386458E-3
7.500084E-3
7.116597E-3
7.076828E-3
7.099553E-3
7.099553E-3
7.318283E-3
7.204657E-3
7.241585E-3
7.110916E-3
7.284195E-3
7.099553E-3
7.062625E-3
7.102394E-3
7.534171E-3
7.471677E-3
7.315442E-3
7.323964E-3
7.517128E-3
7.471677E-3
7.696088E-3
7.849483E-3
7.775626E-3
7.812554E-3
7.718813E-3
7.860845E-3
7.894933E-3
8.187518E-3
8.431815E-3
8.602252E-3
8.843707E-3
8.846547E-3
9.014145E-3
9.383429E-3
9.837933E-3
1.001405E-2
1.044015E-2
1.096851E-2
1.150255E-2
1.225248E-2
1.276095E-2
1.357053E-2
1.476645E-2
1.593111E-2
1.740824E-2
1.903593E-2
2.064089E-2
2.232823E-2
2.414624E-2
2.584211E-2
2.756638E-2
2.867707E-2
3.026783E-2
3.120240E-2
3.196653E-2
3.160861E-2
3.239263E-2
3.214549E-2
3.144385E-2
3.074790E-2
2.920259E-2
2.825381E-2
2.683065E-2
2.620287E-2
2.620003E-2
2.653238E-2
2.737890E-2
2.850947E-2
2.928781E-2
2.993831E-2
3.000649E-2
2.960880E-2
2.890148E-2
2.817428E-2
2.725107E-2
2.666305E-2
2.721982E-2
2.764592E-2
2.805781E-2
2.864298E-2
2.890432E-2
2.865150E-2
2.776806E-2
2.775386E-2
2.790725E-2
2.834756E-2
2.798111E-2
2.799248E-2
2.818280E-2
2.849243E-2
2.783624E-2
2.788453E-2
2.783908E-2
2.772829E-2
2.802656E-2
2.773114E-2
2.807769E-2
2.796975E-2
2.792714E-2
2.791862E-2
2.782488E-2
2.747264E-2
2.784476E-2
2.780783E-2
2.760615E-2
2.787885E-2
2.787601E-2
2.803792E-2
2.753513E-2
2.721698E-2
2.761467E-2
2.771409E-2
2.755217E-2
2.746128E-2
2.770557E-2
2.795555E-2
2.812598E-2
2.764308E-2
2.740162E-2
2.785328E-2
2.788737E-2
2.787033E-2
2.769705E-2
2.744991E-2
2.795839E-2
2.745559E-2
2.758342E-2
2.749252E-2
2.743571E-2
2.733345E-2
2.738458E-2
2.742435E-2
2.738458E-2
2.745559E-2
2.748684E-2
2.754081E-2
2.730220E-2
2.737606E-2
2.760331E-2
2.747832E-2
2.696984E-2
2.737890E-2
2.713176E-2
2.701529E-2
2.689030E-2
2.688178E-2
2.687042E-2
2.739026E-2
2.723970E-2
2.692723E-2
2.660340E-2
2.708063E-2
2.717721E-2
2.689315E-2
2.648125E-2
2.647557E-2
2.675680E-2
2.689315E-2
2.666305E-2
2.691303E-2
2.659204E-2
2.620855E-2
2.631366E-2
2.632502E-2
2.630513E-2
2.600403E-2
2.625400E-2
2.608640E-2
2.614038E-2
2.589324E-2
2.566031E-2
2.580234E-2
2.554100E-2
2.517740E-2
2.520012E-2
2.532795E-2
2.521149E-2
2.541033E-2
2.534500E-2
2.515183E-2
2.504673E-2
2.531375E-2
2.493878E-2
2.503537E-2
2.495299E-2
2.464052E-2
2.475698E-2
2.475130E-2
2.468881E-2
2.449564E-2
2.433373E-2
2.422010E-2
2.437918E-2
2.409795E-2
2.389627E-2
2.411216E-2
2.412068E-2
2.393320E-2
2.357528E-2
2.341620E-2
2.357528E-2
2.339063E-2
2.323724E-2
2.347870E-2
2.310657E-2
2.309521E-2
2.340200E-2
2.300147E-2
2.258673E-2
2.252140E-2
2.256969E-2
2.259241E-2
2.239925E-2
2.220609E-2
2.216348E-2
2.175443E-2
2.202997E-2
2.183680E-2
2.196747E-2
2.158967E-2
2.149593E-2
2.156126E-2
2.122607E-2
2.130844E-2
2.128572E-2
2.101302E-2
2.106415E-2
2.085394E-2
2.085394E-2
2.074032E-2
2.045341E-2
2.028013E-2
2.066930E-2
2.053011E-2
2.024320E-2
1.986824E-2
1.994494E-2
1.993641E-2
1.988244E-2
1.980858E-2
1.937965E-2
1.950464E-2
1.943078E-2
1.894787E-2
1.875755E-2
1.898480E-2
1.907570E-2
1.905582E-2
1.903025E-2
1.896491E-2
1.881152E-2
1.865813E-2
1.838258E-2
1.858427E-2
1.818658E-2
1.829452E-2
1.828316E-2
1.831157E-2
1.783150E-2
1.787411E-2
1.771503E-2
1.757300E-2
1.739688E-2
1.776901E-2
1.753891E-2
1.756164E-2
1.710998E-2
1.730314E-2
1.749914E-2
1.742529E-2
1.740540E-2
1.668672E-2
1.687136E-2
1.679182E-2
1.663275E-2
1.650208E-2
1.668956E-2
1.667252E-2
1.650776E-2
1.648503E-2
1.620381E-2
1.614700E-2
1.623790E-2
1.633164E-2
1.591975E-2
1.608166E-2
1.385744E-2
1.513573E-2
1.553058E-2
1.559023E-2
1.552490E-2
1.541979E-2
1.521243E-2
1.520390E-2
1.530901E-2
1.524083E-2
1.523231E-2
1.499370E-2
1.491984E-2
1.461021E-2
1.492268E-2
1.457896E-2
1.452783E-2
1.448522E-2
1.455056E-2
1.389153E-2
1.395118E-2
1.393130E-2
1.393130E-2
1.368700E-2
1.387448E-2
1.370973E-2
1.376370E-2
1.343419E-2
1.370405E-2
1.370689E-2
1.368132E-2
1.318421E-2
1.322398E-2
1.304786E-2
1.303650E-2
1.297968E-2
1.299673E-2
1.271550E-2
1.272118E-2
1.278936E-2
1.249393E-2
1.255927E-2
1.257631E-2
1.254222E-2
1.250245E-2
1.215590E-2
1.219566E-2
1.195705E-2
1.211045E-2
1.191160E-2
1.147414E-2
1.151675E-2
1.142017E-2
1.154800E-2
1.142301E-2
1.133211E-2
1.125825E-2
1.113042E-2
1.102816E-2
1.122985E-2
1.112758E-2
1.079239E-2
1.089749E-2
1.052821E-2
1.043731E-2
1.054241E-2
1.038902E-2
1.015324E-2
1.004814E-2
1.009927E-2
9.920311E-3
9.940195E-3
1.009643E-2
9.982805E-3
9.678856E-3
9.474330E-3
9.548186E-3
9.687378E-3
9.553868E-3
9.602158E-3
9.337979E-3
9.278326E-3
9.014145E-3
9.056756E-3
9.170381E-3
8.855070E-3
8.619297E-3
8.610775E-3
8.653385E-3
8.613615E-3
8.494309E-3
8.642022E-3
8.414770E-3
8.153432E-3
8.122185E-3
7.906295E-3
8.127865E-3
7.911977E-3
8.000037E-3
7.946065E-3
7.573940E-3
7.784148E-3
7.823917E-3
7.673363E-3
7.696088E-3
7.494402E-3
7.417705E-3
7.599507E-3
7.517128E-3
7.380777E-3
7.397820E-3
7.250107E-3
7.190454E-3
7.008653E-3
7.034218E-3
7.045581E-3
6.983087E-3
7.088190E-3
7.085350E-3
6.895027E-3
6.880824E-3
6.937637E-3
6.994450E-3
6.974565E-3
6.815489E-3
6.880824E-3
6.733111E-3
6.804126E-3
6.733111E-3
6.926274E-3
6.778561E-3
6.741632E-3
6.542787E-3
6.579716E-3
6.588237E-3
6.767198E-3
6.446206E-3
6.750154E-3
6.758676E-3
6.517222E-3
6.545628E-3
6.696182E-3
6.380871E-3
6.718908E-3
6.755836E-3
6.602441E-3
6.261564E-3
6.451887E-3
6.681979E-3
6.809808E-3
6.542787E-3
6.798445E-3
6.545628E-3
6.562672E-3
6.534266E-3
6.693342E-3
6.613804E-3
6.622325E-3
6.744473E-3
6.829693E-3
6.784242E-3
6.579716E-3
6.599600E-3
6.508700E-3
6.488815E-3
6.341102E-3
6.295652E-3
6.676298E-3
6.508700E-3
6.497337E-3
6.608122E-3
6.542787E-3
6.608122E-3
6.520063E-3
6.559831E-3
6.582557E-3
6.585397E-3
6.792764E-3
6.673457E-3
6.562672E-3
6.420640E-3
6.409277E-3
6.792764E-3
6.704704E-3
6.804126E-3
6.659254E-3
6.889346E-3
6.545628E-3
6.559831E-3
6.440524E-3
6.574034E-3
6.628007E-3
6.812648E-3
6.687660E-3
6.679138E-3
6.764357E-3
6.292811E-3
6.491655E-3
6.721748E-3
6.434843E-3
6.687660E-3
6.781402E-3
6.752995E-3
6.846736E-3
6.843896E-3
6.761517E-3
6.781402E-3
6.764357E-3
6.872302E-3
6.875142E-3
6.730270E-3
6.818330E-3
6.656413E-3
6.605281E-3
6.775720E-3
6.806967E-3
6.966043E-3
6.931955E-3
6.764357E-3
6.650732E-3
6.664935E-3
6.738792E-3
6.781402E-3
6.599600E-3
6.798445E-3
6.602441E-3
6.855258E-3
6.789923E-3
7.039899E-3
6.943318E-3
6.764357E-3
6.784242E-3
6.809808E-3
6.951840E-3
6.883665E-3
6.752995E-3
7.122278E-3
6.855258E-3
7.014334E-3
6.983087E-3
7.108075E-3
7.108075E-3
6.838214E-3
7.042740E-3
6.985927E-3
6.835373E-3
6.968884E-3
7.116597E-3
7.162048E-3
7.105235E-3
7.287036E-3
7.252948E-3
7.119438E-3
7.056944E-3
7.173410E-3
7.153525E-3
7.289876E-3
7.173410E-3
7.102394E-3
7.252948E-3
7.465996E-3
7.250107E-3
7.258629E-3
7.167729E-3
7.115303E-3
7.100260E-3
7.085217E-3
7.070174E-3
7.055131E-3
7.040088E-3
7.025045E-3
7.010002E-3
6.994959E-3
6.979917E-3
6.964874E-3
6.949831E-3
6.934788E-3
6.919745E-3
6.904702E-3
6.889659E-3
6.874616E-3
6.859573E-3
6.844530E-3
6.829487E-3
6.814444E-3
6.799401E-3
6.784359E-3
6.769316E-3
6.754273E-3
6.739230E-3
6.724187E-3
6.709144E-3
6.694101E-3
6.679058E-3
6.664015E-3
6.648972E-3
6.633929E-3
6.618886E-3
6.603844E-3
6.588800E-3
6.573758E-3
6.558714E-3
6.543672E-3
6.528629E-3
6.513586E-3
6.498543E-3
6.483500E-3
6.468457E-3
6.453414E-3
6.438371E-3
6.423329E-3
6.408285E-3
6.393243E-3
6.378199E-3
6.363157E-3
6.348114E-3
6.333071E-3
6.318028E-3
6.302985E-3
6.287942E-3
6.272899E-3
6.257856E-3
6.242813E-3
6.227770E-3
6.212728E-3
6.197684E-3
6.182642E-3
6.167599E-3
6.152556E-3
6.137513E-3
6.122470E-3
6.107427E-3
6.092384E-3
6.077341E-3
6.062298E-3
6.047255E-3
6.032212E-3
6.017169E-3
6.002126E-3
5.987084E-3
5.972041E-3
5.956998E-3
5.941955E-3
5.926912E-3
5.911869E-3
5.896826E-3
5.881783E-3
5.866740E-3
5.851697E-3
5.836654E-3
5.821611E-3
5.806569E-3
5.791525E-3
5.776483E-3
5.761440E-3
5.746397E-3
5.731354E-3
5.716311E-3
5.701268E-3
5.686225E-3
5.671182E-3
5.656139E-3
5.641096E-3
5.626054E-3
5.611010E-3
5.595968E-3
5.580924E-3
5.565882E-3
5.550839E-3
5.535796E-3
5.520753E-3
5.505710E-3
5.490667E-3
5.475624E-3
5.460581E-3
5.445539E-3
5.430495E-3
5.415453E-3
5.400409E-3
5.385367E-3
5.370324E-3
5.355281E-3
5.340238E-3
5.325195E-3
5.310152E-3
5.295109E-3
5.280066E-3
5.265023E-3
5.249980E-3
5.234937E-3
5.219894E-3
5.204852E-3
5.189809E-3
5.174766E-3
5.159723E-3
5.144680E-3
5.129637E-3
5.114594E-3
5.099551E-3
5.084508E-3
5.069465E-3
5.054422E-3
5.039379E-3
5.024336E-3
5.009294E-3
4.994251E-3
4.979208E-3
4.964165E-3
4.949122E-3
4.934079E-3
4.919036E-3
4.903993E-3
4.888950E-3
4.873907E-3
4.858864E-3
4.843821E-3
4.828779E-3
4.813735E-3
4.798693E-3
4.783649E-3
4.768607E-3
4.753564E-3
4.738521E-3
4.723478E-3
4.708435E-3
4.693392E-3
4.678349E-3
4.663306E-3
4.648264E-3
4.633220E-3
4.618178E-3
4.603134E-3
4.588092E-3
4.573049E-3
4.558006E-3
4.542963E-3
4.527920E-3
4.512877E-3
4.497834E-3
4.482791E-3
4.467748E-3
4.452705E-3
4.437663E-3
4.422619E-3
4.407577E-3
4.392534E-3
4.377491E-3
4.362448E-3
4.347405E-3
4.332362E-3
4.317319E-3
4.302276E-3
4.287233E-3
4.272190E-3
4.257147E-3
4.242104E-3
4.227061E-3
4.212019E-3
4.196976E-3
4.181933E-3
4.166890E-3
4.151847E-3
4.136804E-3
4.121761E-3
4.106718E-3
4.091675E-3
4.076632E-3
4.061589E-3
4.046546E-3
4.031504E-3
4.016460E-3
4.001418E-3
3.986375E-3
3.971332E-3
3.956289E-3
3.941246E-3
3.926203E-3
3.911160E-3
3.896117E-3
3.881074E-3
3.866031E-3
3.850988E-3
3.835945E-3
3.820903E-3
3.805860E-3
3.790817E-3
3.775774E-3
3.760731E-3
3.745688E-3
3.730645E-3
3.715602E-3
3.700559E-3
3.685516E-3
3.670473E-3
3.655430E-3
3.640387E-3
3.625344E-3
3.610302E-3
3.595259E-3
3.580216E-3
3.565173E-3
3.550130E-3
3.535087E-3
3.520044E-3
3.505001E-3
3.489958E-3
3.474915E-3
3.459872E-3
3.444829E-3
3.429787E-3
3.414744E-3
3.399701E-3
3.384658E-3
3.369615E-3
3.354572E-3
3.339529E-3
3.324486E-3
3.309443E-3
3.294400E-3
3.279357E-3
3.264314E-3
3.249272E-3
3.234229E-3
3.219186E-3
3.204143E-3
3.189100E-3
3.174057E-3
3.159014E-3
3.143971E-3
3.128928E-3
3.113885E-3
3.098842E-3
3.083799E-3
3.068756E-3
3.053714E-3
3.038671E-3
3.023628E-3
3.008585E-3
2.993542E-3
2.978499E-3
2.963456E-3
2.948413E-3
2.933370E-3
2.918327E-3
2.903284E-3
2.888241E-3
2.873198E-3
2.858155E-3
2.843112E-3
2.828070E-3
2.813027E-3
2.797984E-3
2.782941E-3
2.767898E-3
2.752855E-3
2.737812E-3
2.722769E-3
2.707726E-3
2.692683E-3
2.677640E-3
2.662597E-3
2.647555E-3
2.632512E-3
2.617469E-3
2.602426E-3
2.587383E-3
2.572340E-3
2.557297E-3
2.542254E-3
2.527211E-3
2.512168E-3
2.497125E-3
2.482082E-3
2.467040E-3
2.451997E-3
2.436954E-3
2.421911E-3
2.406868E-3
2.391825E-3
2.376782E-3
2.361739E-3
2.346696E-3
2.331653E-3
2.316610E-3
2.301567E-3
2.286524E-3
2.271482E-3
2.256439E-3
2.241396E-3
2.226353E-3
2.211310E-3
2.196267E-3
2.181224E-3
2.166181E-3
2.151138E-3
2.136095E-3
2.121052E-3
2.106009E-3
2.090966E-3
2.075923E-3
2.060880E-3
2.045838E-3
2.030795E-3
2.015752E-3
2.000709E-3
1.985666E-3
1.970623E-3
1.955580E-3
1.940537E-3
1.925494E-3
1.910451E-3
1.895408E-3
1.880365E-3
1.865322E-3
1.850280E-3
1.835237E-3
1.820194E-3
1.805151E-3
1.790108E-3
1.775065E-3
1.760022E-3
1.744979E-3
1.729936E-3
1.714893E-3
1.699850E-3
1.684807E-3
1.669765E-3
1.654722E-3
1.639679E-3
1.624636E-3
1.609593E-3
1.594550E-3
1.579507E-3
1.564464E-3
1.549421E-3
1.534378E-3
1.519335E-3
1.504292E-3
1.489249E-3
1.474206E-3
1.459164E-3
1.444121E-3
1.429078E-3
1.414035E-3
1.398992E-3
1.383949E-3
1.368906E-3
1.353863E-3
1.338820E-3
1.323777E-3
1.308734E-3
1.293691E-3
1.278649E-3
1.263606E-3
1.248563E-3
1.233520E-3
1.218477E-3
1.203434E-3
1.188391E-3
1.173348E-3
1.158305E-3
1.143262E-3
1.128219E-3
1.113176E-3
1.098133E-3
1.083091E-3
1.068048E-3
1.053005E-3
1.037962E-3
1.022919E-3
1.007876E-3
9.928329E-4
9.777900E-4
9.627471E-4
9.477042E-4
9.326612E-4
9.176183E-4
9.025754E-4
8.875325E-4
8.724896E-4
8.574466E-4
8.424037E-4
8.273608E-4
8.123179E-4
7.972749E-4
7.822320E-4
7.671891E-4
7.521462E-4
7.371032E-4
7.220603E-4
7.070174E-4
6.919745E-4
6.769316E-4
6.618886E-4
6.468457E-4
6.318028E-4
6.167599E-4
6.017169E-4
5.866740E-4
5.716311E-4
5.565882E-4
5.415453E-4
5.265023E-4
5.114594E-4
4.964165E-4
4.813735E-4
4.663306E-4
4.512877E-4
4.362448E-4
4.212019E-4
4.061589E-4
3.911160E-4
3.760731E-4
3.610302E-4
3.459872E-4
3.309443E-4
3.159014E-4
3.008585E-4
2.858155E-4
2.707726E-4
2.557297E-4
2.406868E-4
2.256439E-4
2.106009E-4
1.955580E-4
1.805151E-4
1.654722E-4
1.504292E-4
1.353863E-4
1.203434E-4
1.053005E-4
9.025754E-5
7.521462E-5
6.017169E-5
4.512877E-5
3.008585E-5
1.504292E-5
0.000000E+0
0.000000E+0
0.000000E+0
0.000000E+0
0.000000E+0
0.000000E+0
0.000000E+0
0.000000E+0
0.000000E+0
0.000000E+0
0.000000E+0
0.000000E+0
0.000000E+0
0.000000E+0
0.000000E+0
0.000000E+0
0.000000E+0
0.000000E+0
0.000000E+0
0.000000E+0
0.000000E+0
0.000000E+0
0.000000E+0
0.000000E+0
0.000000E+0
0.000000E+0
0.000000E+0
0.000000E+0
0.000000E+0
0.000000E+0
0.000000E+0
0.000000E+0
0.000000E+0
0.000000E+0
0.000000E+0
0.000000E+0
0.000000E+0
0.000000E+0
0.000000E+0
0.000000E+0
0.000000E+0
0.000000E+0
0.000000E+0
0.000000E+0
0.000000E+0
0.000000E+0
0.000000E+0
0.000000E+0
0.000000E+0
0.000000E+0
0.000000E+0
0.000000E+0
0.000000E+0
0.000000E+0
0.000000E+0
0.000000E+0
0.000000E+0
0.000000E+0
0.000000E+0
0.000000E+0
0.000000E+0
0.000000E+0
0.000000E+0
0.000000E+0
0.000000E+0
0.000000E+0
0.000000E+0
0.000000E+0
0.000000E+0
0.000000E+0
0.000000E+0
0.000000E+0
0.000000E+0
0.000000E+0
0.000000E+0
0.000000E+0
0.000000E+0
0.000000E+0
0.000000E+0
0.000000E+0
0.000000E+0
0.000000E+0
0.000000E+0
0.000000E+0
0.000000E+0
0.000000E+0
0.000000E+0
0.000000E+0
0.000000E+0
0.000000E+0
0.000000E+0
0.000000E+0
0.000000E+0
0.000000E+0
0.000000E+0
0.000000E+0
0.000000E+0
0.000000E+0
0.000000E+0
0.000000E+0
0.000000E+0
0.000000E+0
0.000000E+0
0.000000E+0
0.000000E+0
0.000000E+0
0.000000E+0
0.000000E+0
0.000000E+0
0.000000E+0
0.000000E+0
0.000000E+0
0.000000E+0
0.000000E+0
0.000000E+0
0.000000E+0
0.000000E+0
0.000000E+0
0.000000E+0
0.000000E+0
0.000000E+0
0.000000E+0
0.000000E+0
0.000000E+0
0.000000E+0
0.000000E+0
0.000000E+0
0.000000E+0
0.000000E+0
0.000000E+0
0.000000E+0
0.000000E+0
0.000000E+0
0.000000E+0
0.000000E+0
0.000000E+0
0.000000E+0
0.000000E+0
0.000000E+0
0.000000E+0
0.000000E+0
0.000000E+0
0.000000E+0
0.000000E+0
0.000000E+0
0.000000E+0
0.000000E+0
0.000000E+0
0.000000E+0
0.000000E+0
0.000000E+0
0.000000E+0
0.000000E+0
0.000000E+0
0.000000E+0
0.000000E+0
0.000000E+0
0.000000E+0
0.000000E+0
0.000000E+0
0.000000E+0
0.000000E+0
0.000000E+0
0.000000E+0
0.000000E+0
0.000000E+0
0.000000E+0
0.000000E+0
0.000000E+0
0.000000E+0
0.000000E+0
0.000000E+0
0.000000E+0
0.000000E+0
0.000000E+0
0.000000E+0
0.000000E+0
0.000000E+0
0.000000E+0
0.000000E+0
0.000000E+0
0.000000E+0
0.000000E+0
0.000000E+0
0.000000E+0
0.000000E+0
0.000000E+0
0.000000E+0
0.000000E+0
0.000000E+0
0.000000E+0
0.000000E+0
0.000000E+0
0.000000E+0
0.000000E+0
0.000000E+0
0.000000E+0
0.000000E+0
0.000000E+0
0.000000E+0
0.000000E+0
0.000000E+0
0.000000E+0
0.000000E+0
0.000000E+0
0.000000E+0
0.000000E+0
0.000000E+0
0.000000E+0
0.000000E+0
0.000000E+0
0.000000E+0
0.000000E+0
0.000000E+0
0.000000E+0
0.000000E+0
0.000000E+0
0.000000E+0
0.000000E+0
0.000000E+0
0.000000E+0
0.000000E+0
0.000000E+0
0.000000E+0
0.000000E+0
0.000000E+0
0.000000E+0
0.000000E+0
0.000000E+0
0.000000E+0
0.000000E+0
0.000000E+0
0.000000E+0
0.000000E+0
0.000000E+0
0.000000E+0
0.000000E+0
0.000000E+0
0.000000E+0
0.000000E+0
0.000000E+0
0.000000E+0
0.000000E+0
0.000000E+0
0.000000E+0
0.000000E+0
0.000000E+0
0.000000E+0
0.000000E+0
0.000000E+0
0.000000E+0
0.000000E+0
0.000000E+0
0.000000E+0
0.000000E+0
0.000000E+0
0.000000E+0
0.000000E+0
0.000000E+0
0.000000E+0
0.000000E+0
0.000000E+0
0.000000E+0
0.000000E+0
0.000000E+0
0.000000E+0
0.000000E+0
0.000000E+0
0.000000E+0
0.000000E+0
0.000000E+0
0.000000E+0
0.000000E+0
0.000000E+0
0.000000E+0
0.000000E+0
0.000000E+0
0.000000E+0
0.000000E+0
0.000000E+0
0.000000E+0
0.000000E+0
0.000000E+0
0.000000E+0
0.000000E+0
0.000000E+0
0.000000E+0
0.000000E+0
0.000000E+0
0.000000E+0
0.000000E+0
0.000000E+0
0.000000E+0
0.000000E+0
0.000000E+0
0.000000E+0
0.000000E+0
0.000000E+0
0.000000E+0
0.000000E+0
0.000000E+0
0.000000E+0
0.000000E+0
0.000000E+0
0.000000E+0
0.000000E+0
0.000000E+0
0.000000E+0
0.000000E+0
0.000000E+0
0.000000E+0
0.000000E+0
0.000000E+0
0.000000E+0
0.000000E+0
0.000000E+0
0.000000E+0
0.000000E+0
0.000000E+0
0.000000E+0
0.000000E+0
0.000000E+0
0.000000E+0
0.000000E+0
0.000000E+0
0.000000E+0
0.000000E+0
0.000000E+0
0.000000E+0
0.000000E+0
0.000000E+0
0.000000E+0
0.000000E+0
0.000000E+0
0.000000E+0
0.000000E+0
0.000000E+0
0.000000E+0
0.000000E+0
0.000000E+0
0.000000E+0
0.000000E+0
0.000000E+0
0.000000E+0
0.000000E+0
0.000000E+0
0.000000E+0
0.000000E+0
0.000000E+0
0.000000E+0
0.000000E+0
0.000000E+0
0.000000E+0
0.000000E+0
0.000000E+0
0.000000E+0
0.000000E+0
0.000000E+0
0.000000E+0
0.000000E+0
0.000000E+0
0.000000E+0
0.000000E+0
0.000000E+0
0.000000E+0
0.000000E+0
0.000000E+0
0.000000E+0
0.000000E+0
0.000000E+0
0.000000E+0
0.000000E+0
0.000000E+0
0.000000E+0
0.000000E+0
0.000000E+0
0.000000E+0
0.000000E+0
0.000000E+0
0.000000E+0
0.000000E+0
0.000000E+0
0.000000E+0
0.000000E+0
0.000000E+0
0.000000E+0
0.000000E+0
0.000000E+0
0.000000E+0
0.000000E+0
0.000000E+0
0.000000E+0
0.000000E+0
0.000000E+0
0.000000E+0
0.000000E+0
0.000000E+0
0.000000E+0
0.000000E+0
0.000000E+0
0.000000E+0
0.000000E+0
0.000000E+0
0.000000E+0
0.000000E+0
0.000000E+0
0.000000E+0
0.000000E+0
0.000000E+0
0.000000E+0
0.000000E+0
0.000000E+0
0.000000E+0
0.000000E+0
0.000000E+0
0.000000E+0
0.000000E+0
0.000000E+0
0.000000E+0
0.000000E+0
0.000000E+0
0.000000E+0
0.000000E+0
0.000000E+0
0.000000E+0
0.000000E+0
0.000000E+0
0.000000E+0
0.000000E+0
0.000000E+0
0.000000E+0
0.000000E+0
0.000000E+0
0.000000E+0
0.000000E+0
0.000000E+0
0.000000E+0
0.000000E+0
0.000000E+0
0.000000E+0
0.000000E+0
0.000000E+0
0.000000E+0
0.000000E+0
0.000000E+0
0.000000E+0
0.000000E+0
0.000000E+0
0.000000E+0
0.000000E+0
0.000000E+0
0.000000E+0
0.000000E+0
0.000000E+0
0.000000E+0
0.000000E+0
0.000000E+0
0.000000E+0
0.000000E+0
0.000000E+0
0.000000E+0
0.000000E+0
0.000000E+0
0.000000E+0
0.000000E+0
0.000000E+0
0.000000E+0
0.000000E+0
0.000000E+0
0.000000E+0
0.000000E+0
0.000000E+0
0.000000E+0
0.000000E+0
0.000000E+0
0.000000E+0
0.000000E+0
0.000000E+0
0.000000E+0
0.000000E+0
0.000000E+0
0.000000E+0
0.000000E+0
0.000000E+0
0.000000E+0
0.000000E+0
0.000000E+0
0.000000E+0
0.000000E+0
0.000000E+0
0.000000E+0
0.000000E+0
0.000000E+0
0.000000E+0
0.000000E+0
0.000000E+0
0.000000E+0
0.000000E+0
0.000000E+0
0.000000E+0
0.000000E+0
0.000000E+0
0.000000E+0
0.000000E+0
0.000000E+0
0.000000E+0
0.000000E+0
0.000000E+0
0.000000E+0
0.000000E+0
0.000000E+0
0.000000E+0
0.000000E+0
0.000000E+0
0.000000E+0
0.000000E+0
0.000000E+0
0.000000E+0
0.000000E+0
0.000000E+0
0.000000E+0
0.000000E+0
0.000000E+0
0.000000E+0
0.000000E+0
0.000000E+0
0.000000E+0
0.000000E+0
0.000000E+0
0.000000E+0
0.000000E+0
0.000000E+0
0.000000E+0
0.000000E+0
0.000000E+0
0.000000E+0
0.000000E+0
0.000000E+0
0.000000E+0
0.000000E+0
0.000000E+0
0.000000E+0
0.000000E+0
0.000000E+0
0.000000E+0
0.000000E+0
0.000000E+0
0.000000E+0
0.000000E+0
0.000000E+0
0.000000E+0
0.000000E+0
0.000000E+0
0.000000E+0
0.000000E+0
0.000000E+0
0.000000E+0
0.000000E+0
0.000000E+0
0.000000E+0
0.000000E+0
0.000000E+0
0.000000E+0
0.000000E+0
0.000000E+0
0.000000E+0
0.000000E+0
0.000000E+0
0.000000E+0
0.000000E+0
0.000000E+0
0.000000E+0
0.000000E+0
0.000000E+0
0.000000E+0
0.000000E+0
0.000000E+0
0.000000E+0
0.000000E+0
0.000000E+0
0.000000E+0
0.000000E+0
0.000000E+0
0.000000E+0
0.000000E+0
0.000000E+0
0.000000E+0
0.000000E+0
0.000000E+0
0.000000E+0
0.000000E+0
0.000000E+0
0.000000E+0
0.000000E+0
0.000000E+0
0.000000E+0
0.000000E+0
0.000000E+0
0.000000E+0
0.000000E+0
0.000000E+0
0.000000E+0
0.000000E+0
0.000000E+0
0.000000E+0
0.000000E+0
0.000000E+0
0.000000E+0
0.000000E+0
0.000000E+0
0.000000E+0
0.000000E+0
0.000000E+0
0.000000E+0
0.000000E+0
0.000000E+0
0.000000E+0
0.000000E+0
0.000000E+0
0.000000E+0
0.000000E+0
0.000000E+0
0.000000E+0
0.000000E+0
0.000000E+0
0.000000E+0
0.000000E+0
0.000000E+0
0.000000E+0
0.000000E+0
0.000000E+0
0.000000E+0
0.000000E+0
0.000000E+0
0.000000E+0
0.000000E+0
0.000000E+0
0.000000E+0
0.000000E+0
0.000000E+0
0.000000E+0
0.000000E+0
0.000000E+0
0.000000E+0
0.000000E+0
0.000000E+0
0.000000E+0
0.000000E+0
0.000000E+0
0.000000E+0
0.000000E+0
0.000000E+0
0.000000E+0
0.000000E+0
0.000000E+0
0.000000E+0
0.000000E+0
0.000000E+0
0.000000E+0
0.000000E+0
0.000000E+0
0.000000E+0
0.000000E+0
0.000000E+0
0.000000E+0
0.000000E+0
0.000000E+0
0.000000E+0
0.000000E+0
0.000000E+0
0.000000E+0
0.000000E+0
0.000000E+0
0.000000E+0
0.000000E+0
0.000000E+0
0.000000E+0
0.000000E+0
0.000000E+0
0.000000E+0
0.000000E+0
0.000000E+0
0.000000E+0
0.000000E+0
0.000000E+0
0.000000E+0
0.000000E+0
0.000000E+0
0.000000E+0
0.000000E+0
0.000000E+0
0.000000E+0
0.000000E+0
0.000000E+0
0.000000E+0
0.000000E+0
0.000000E+0
0.000000E+0
0.000000E+0
0.000000E+0
0.000000E+0
0.000000E+0
0.000000E+0
0.000000E+0
0.000000E+0
0.000000E+0
0.000000E+0
0.000000E+0
0.000000E+0
0.000000E+0
0.000000E+0
0.000000E+0
0.000000E+0
0.000000E+0
0.000000E+0
0.000000E+0
0.000000E+0
0.000000E+0
0.000000E+0
0.000000E+0
0.000000E+0
0.000000E+0
0.000000E+0
0.000000E+0
0.000000E+0
0.000000E+0
0.000000E+0
0.000000E+0
0.000000E+0
0.000000E+0
0.000000E+0
0.000000E+0
0.000000E+0
0.000000E+0
0.000000E+0
0.000000E+0
0.000000E+0
0.000000E+0
0.000000E+0
0.000000E+0
0.000000E+0
0.000000E+0
0.000000E+0
0.000000E+0
0.000000E+0
0.000000E+0
0.000000E+0
0.000000E+0
0.000000E+0
0.000000E+0
0.000000E+0
0.000000E+0
0.000000E+0
0.000000E+0
0.000000E+0
0.000000E+0
0.000000E+0
0.000000E+0
0.000000E+0
0.000000E+0
0.000000E+0
0.000000E+0
0.000000E+0
0.000000E+0
0.000000E+0
0.000000E+0
0.000000E+0
0.000000E+0
0.000000E+0
0.000000E+0
0.000000E+0
0.000000E+0
0.000000E+0
0.000000E+0
0.000000E+0
0.000000E+0
0.000000E+0
0.000000E+0
0.000000E+0
0.000000E+0
0.000000E+0
0.000000E+0
0.000000E+0
0.000000E+0
0.000000E+0
0.000000E+0
0.000000E+0
0.000000E+0
0.000000E+0
0.000000E+0
0.000000E+0
0.000000E+0
0.000000E+0
0.000000E+0
0.000000E+0
0.000000E+0
0.000000E+0
0.000000E+0
0.000000E+0
0.000000E+0
0.000000E+0
0.000000E+0
0.000000E+0
0.000000E+0
0.000000E+0
0.000000E+0
0.000000E+0
0.000000E+0
0.000000E+0
0.000000E+0
0.000000E+0
0.000000E+0
0.000000E+0
0.000000E+0
0.000000E+0
0.000000E+0
0.000000E+0
0.000000E+0
0.000000E+0
0.000000E+0
0.000000E+0
0.000000E+0
0.000000E+0
0.000000E+0
0.000000E+0
0.000000E+0
0.000000E+0
0.000000E+0
0.000000E+0
0.000000E+0
0.000000E+0
0.000000E+0
0.000000E+0
0.000000E+0
0.000000E+0
0.000000E+0
0.000000E+0
0.000000E+0
0.000000E+0
0.000000E+0
0.000000E+0
0.000000E+0
0.000000E+0
0.000000E+0
0.000000E+0
0.000000E+0
0.000000E+0
0.000000E+0
0.000000E+0
0.000000E+0
0.000000E+0
0.000000E+0
0.000000E+0
0.000000E+0
0.000000E+0
0.000000E+0
0.000000E+0
0.000000E+0
0.000000E+0
0.000000E+0
0.000000E+0
0.000000E+0
0.000000E+0
0.000000E+0
0.000000E+0
0.000000E+0
0.000000E+0
0.000000E+0
0.000000E+0
0.000000E+0
0.000000E+0
0.000000E+0
0.000000E+0
0.000000E+0
0.000000E+0
0.000000E+0
0.000000E+0
0.000000E+0
0.000000E+0
0.000000E+0
0.000000E+0
0.000000E+0
0.000000E+0
0.000000E+0
0.000000E+0
0.000000E+0
0.000000E+0
0.000000E+0
0.000000E+0
0.000000E+0
0.000000E+0
0.000000E+0
0.000000E+0
0.000000E+0
0.000000E+0
0.000000E+0
0.000000E+0
0.000000E+0
0.000000E+0
0.000000E+0
0.000000E+0
0.000000E+0
0.000000E+0
0.000000E+0
0.000000E+0
0.000000E+0
0.000000E+0
0.000000E+0
0.000000E+0
0.000000E+0
0.000000E+0
0.000000E+0
0.000000E+0
0.000000E+0
0.000000E+0
0.000000E+0
0.000000E+0
0.000000E+0
0.000000E+0
0.000000E+0
0.000000E+0
0.000000E+0
0.000000E+0
0.000000E+0
0.000000E+0
0.000000E+0
0.000000E+0
0.000000E+0
0.000000E+0
0.000000E+0
0.000000E+0
0.000000E+0
0.000000E+0
0.000000E+0
0.000000E+0
0.000000E+0
0.000000E+0
0.000000E+0
0.000000E+0
0.000000E+0
0.000000E+0
0.000000E+0
0.000000E+0
0.000000E+0
0.000000E+0
0.000000E+0
0.000000E+0
0.000000E+0
0.000000E+0
0.000000E+0
0.000000E+0
0.000000E+0
0.000000E+0
0.000000E+0
0.000000E+0
0.000000E+0
0.000000E+0
0.000000E+0
0.000000E+0
0.000000E+0
0.000000E+0
0.000000E+0
0.000000E+0
0.000000E+0
0.000000E+0
0.000000E+0
0.000000E+0
0.000000E+0
0.000000E+0
0.000000E+0
0.000000E+0
0.000000E+0
0.000000E+0
0.000000E+0
0.000000E+0
0.000000E+0
0.000000E+0
0.000000E+0
0.000000E+0
0.000000E+0
0.000000E+0
0.000000E+0
0.000000E+0
0.000000E+0
0.000000E+0
0.000000E+0
0.000000E+0
0.000000E+0
0.000000E+0
0.000000E+0
0.000000E+0
0.000000E+0
0.000000E+0
0.000000E+0
0.000000E+0
0.000000E+0
0.000000E+0
0.000000E+0
0.000000E+0
0.000000E+0
0.000000E+0
0.000000E+0
0.000000E+0
0.000000E+0
0.000000E+0
0.000000E+0
0.000000E+0
0.000000E+0
0.000000E+0
0.000000E+0
0.000000E+0
0.000000E+0
0.000000E+0
0.000000E+0
0.000000E+0
0.000000E+0
0.000000E+0
0.000000E+0
0.000000E+0
0.000000E+0
0.000000E+0
0.000000E+0
0.000000E+0
0.000000E+0
0.000000E+0
0.000000E+0
0.000000E+0
0.000000E+0
0.000000E+0
0.000000E+0
0.000000E+0
0.000000E+0
0.000000E+0
0.000000E+0
0.000000E+0
0.000000E+0
0.000000E+0
0.000000E+0
0.000000E+0
0.000000E+0
0.000000E+0
0.000000E+0
0.000000E+0
0.000000E+0
0.000000E+0
0.000000E+0
0.000000E+0
0.000000E+0
0.000000E+0
0.000000E+0
0.000000E+0
0.000000E+0
0.000000E+0
0.000000E+0
0.000000E+0
0.000000E+0
0.000000E+0
0.000000E+0
0.000000E+0
0.000000E+0
0.000000E+0
0.000000E+0
0.000000E+0
0.000000E+0
0.000000E+0
0.000000E+0
0.000000E+0
0.000000E+0
0.000000E+0
0.000000E+0
0.000000E+0
0.000000E+0
0.000000E+0
0.000000E+0
0.000000E+0
0.000000E+0
0.000000E+0
0.000000E+0
0.000000E+0
0.000000E+0
0.000000E+0
0.000000E+0
0.000000E+0
0.000000E+0
0.000000E+0
0.000000E+0
0.000000E+0
0.000000E+0
0.000000E+0
0.000000E+0
0.000000E+0
0.000000E+0
0.000000E+0
0.000000E+0
0.000000E+0
0.000000E+0
0.000000E+0
0.000000E+0
0.000000E+0
0.000000E+0
0.000000E+0
0.000000E+0
0.000000E+0
0.000000E+0
0.000000E+0
0.000000E+0
0.000000E+0
0.000000E+0
0.000000E+0
0.000000E+0
0.000000E+0
0.000000E+0
0.000000E+0
0.000000E+0
0.000000E+0
0.000000E+0
0.000000E+0
0.000000E+0
0.000000E+0
0.000000E+0
0.000000E+0
0.000000E+0
0.000000E+0
0.000000E+0
0.000000E+0
0.000000E+0
0.000000E+0
0.000000E+0
0.000000E+0
0.000000E+0
0.000000E+0
0.000000E+0
0.000000E+0
0.000000E+0
0.000000E+0
0.000000E+0
0.000000E+0
0.000000E+0
0.000000E+0
0.000000E+0
0.000000E+0
0.000000E+0
0.000000E+0
0.000000E+0
0.000000E+0
0.000000E+0
0.000000E+0
0.000000E+0
0.000000E+0
0.000000E+0
0.000000E+0
0.000000E+0
0.000000E+0
0.000000E+0
0.000000E+0
0.000000E+0
0.000000E+0
0.000000E+0
0.000000E+0
0.000000E+0
0.000000E+0
0.000000E+0
0.000000E+0
0.000000E+0
0.000000E+0
0.000000E+0
0.000000E+0
0.000000E+0
0.000000E+0
0.000000E+0
0.000000E+0
0.000000E+0
0.000000E+0
0.000000E+0
0.000000E+0
0.000000E+0
0.000000E+0
0.000000E+0
0.000000E+0
0.000000E+0
0.000000E+0
0.000000E+0
0.000000E+0
0.000000E+0
0.000000E+0
0.000000E+0
0.000000E+0
0.000000E+0
0.000000E+0
0.000000E+0
0.000000E+0
0.000000E+0
0.000000E+0
0.000000E+0
0.000000E+0
0.000000E+0
0.000000E+0
0.000000E+0
0.000000E+0
0.000000E+0
0.000000E+0
0.000000E+0
0.000000E+0
0.000000E+0
0.000000E+0
0.000000E+0
0.000000E+0
0.000000E+0
0.000000E+0
0.000000E+0
0.000000E+0
0.000000E+0
0.000000E+0
0.000000E+0
0.000000E+0
0.000000E+0
0.000000E+0
0.000000E+0
0.000000E+0
0.000000E+0
0.000000E+0
0.000000E+0
0.000000E+0
0.000000E+0
0.000000E+0
0.000000E+0
0.000000E+0
0.000000E+0
0.000000E+0
0.000000E+0
0.000000E+0
0.000000E+0
0.000000E+0
0.000000E+0
0.000000E+0
0.000000E+0
0.000000E+0
0.000000E+0
0.000000E+0
0.000000E+0
0.000000E+0
0.000000E+0
0.000000E+0
0.000000E+0
0.000000E+0
0.000000E+0
0.000000E+0
0.000000E+0
0.000000E+0
0.000000E+0
0.000000E+0
0.000000E+0
0.000000E+0
0.000000E+0
0.000000E+0
0.000000E+0
0.000000E+0
0.000000E+0
0.000000E+0
0.000000E+0
0.000000E+0
0.000000E+0
0.000000E+0
0.000000E+0
0.000000E+0
0.000000E+0
0.000000E+0
0.000000E+0
0.000000E+0
0.000000E+0
0.000000E+0
0.000000E+0
0.000000E+0
0.000000E+0
0.000000E+0
0.000000E+0
0.000000E+0
0.000000E+0
0.000000E+0
0.000000E+0
0.000000E+0
0.000000E+0
0.000000E+0
0.000000E+0
0.000000E+0
0.000000E+0
0.000000E+0
0.000000E+0
0.000000E+0
0.000000E+0
0.000000E+0
0.000000E+0
0.000000E+0
0.000000E+0
0.000000E+0
0.000000E+0
0.000000E+0
0.000000E+0
0.000000E+0
0.000000E+0
0.000000E+0
0.000000E+0
0.000000E+0
0.000000E+0
0.000000E+0
0.000000E+0
0.000000E+0
0.000000E+0
0.000000E+0
0.000000E+0
0.000000E+0
0.000000E+0
0.000000E+0
0.000000E+0
0.000000E+0
0.000000E+0
0.000000E+0
0.000000E+0
0.000000E+0
0.000000E+0
0.000000E+0
0.000000E+0
0.000000E+0
0.000000E+0
0.000000E+0
0.000000E+0
0.000000E+0
0.000000E+0
0.000000E+0
0.000000E+0
0.000000E+0
0.000000E+0
0.000000E+0
0.000000E+0
0.000000E+0
0.000000E+0
0.000000E+0
0.000000E+0
0.000000E+0
0.000000E+0
0.000000E+0
0.000000E+0
0.000000E+0
0.000000E+0
0.000000E+0
0.000000E+0
0.000000E+0
0.000000E+0
0.000000E+0
0.000000E+0
0.000000E+0
0.000000E+0
0.000000E+0
0.000000E+0
0.000000E+0
0.000000E+0
0.000000E+0
0.000000E+0
0.000000E+0
0.000000E+0
0.000000E+0
0.000000E+0
0.000000E+0
0.000000E+0
0.000000E+0
0.000000E+0
0.000000E+0
0.000000E+0
0.000000E+0
0.000000E+0
0.000000E+0
0.000000E+0
0.000000E+0
0.000000E+0
0.000000E+0
0.000000E+0
0.000000E+0
0.000000E+0
0.000000E+0
0.000000E+0
0.000000E+0
0.000000E+0
0.000000E+0
0.000000E+0
0.000000E+0
0.000000E+0
0.000000E+0
0.000000E+0
0.000000E+0
0.000000E+0
0.000000E+0
0.000000E+0
0.000000E+0
0.000000E+0
0.000000E+0
0.000000E+0
0.000000E+0
0.000000E+0
0.000000E+0
0.000000E+0
0.000000E+0
0.000000E+0
0.000000E+0
0.000000E+0
0.000000E+0
0.000000E+0
0.000000E+0
0.000000E+0
0.000000E+0
0.000000E+0
0.000000E+0
0.000000E+0
0.000000E+0
0.000000E+0
0.000000E+0
0.000000E+0
0.000000E+0
0.000000E+0
0.000000E+0
0.000000E+0
0.000000E+0
0.000000E+0
0.000000E+0
0.000000E+0
0.000000E+0
0.000000E+0
0.000000E+0
0.000000E+0
0.000000E+0
0.000000E+0
0.000000E+0
0.000000E+0
0.000000E+0
0.000000E+0
0.000000E+0
0.000000E+0
0.000000E+0
0.000000E+0
0.000000E+0
0.000000E+0
0.000000E+0
0.000000E+0
0.000000E+0
0.000000E+0
0.000000E+0
0.000000E+0
0.000000E+0
0.000000E+0
0.000000E+0
0.000000E+0
0.000000E+0
0.000000E+0
0.000000E+0
0.000000E+0
0.000000E+0
0.000000E+0
0.000000E+0
0.000000E+0
0.000000E+0
0.000000E+0
0.000000E+0
0.000000E+0
0.000000E+0
0.000000E+0
0.000000E+0
0.000000E+0
0.000000E+0
0.000000E+0
0.000000E+0
0.000000E+0
0.000000E+0
0.000000E+0
0.000000E+0
0.000000E+0
0.000000E+0
0.000000E+0
0.000000E+0
0.000000E+0
0.000000E+0
0.000000E+0
0.000000E+0
0.000000E+0
0.000000E+0
0.000000E+0
0.000000E+0
0.000000E+0
0.000000E+0
0.000000E+0
0.000000E+0
0.000000E+0
0.000000E+0
0.000000E+0
0.000000E+0
0.000000E+0
0.000000E+0
0.000000E+0
0.000000E+0
0.000000E+0
0.000000E+0
0.000000E+0
0.000000E+0
0.000000E+0
0.000000E+0
0.000000E+0
0.000000E+0
0.000000E+0
0.000000E+0
0.000000E+0
0.000000E+0
0.000000E+0
0.000000E+0
0.000000E+0
0.000000E+0
0.000000E+0
0.000000E+0
0.000000E+0
0.000000E+0
0.000000E+0
0.000000E+0
0.000000E+0
0.000000E+0
0.000000E+0
0.000000E+0
0.000000E+0
0.000000E+0
0.000000E+0
0.000000E+0
0.000000E+0
0.000000E+0
0.000000E+0
0.000000E+0
0.000000E+0
0.000000E+0
0.000000E+0
0.000000E+0
0.000000E+0
0.000000E+0
0.000000E+0
0.000000E+0
0.000000E+0
0.000000E+0
0.000000E+0
0.000000E+0
0.000000E+0
0.000000E+0
0.000000E+0
0.000000E+0
0.000000E+0
0.000000E+0
0.000000E+0
0.000000E+0
0.000000E+0
0.000000E+0
0.000000E+0
0.000000E+0
0.000000E+0
0.000000E+0
0.000000E+0
0.000000E+0
0.000000E+0
0.000000E+0
0.000000E+0
0.000000E+0
0.000000E+0
0.000000E+0
0.000000E+0
0.000000E+0
0.000000E+0
0.000000E+0
0.000000E+0
0.000000E+0
0.000000E+0
0.000000E+0
0.000000E+0
0.000000E+0
0.000000E+0
0.000000E+0
0.000000E+0
0.000000E+0
0.000000E+0
0.000000E+0
0.000000E+0
0.000000E+0
0.000000E+0
0.000000E+0
0.000000E+0
0.000000E+0
0.000000E+0
0.000000E+0
0.000000E+0
0.000000E+0
0.000000E+0
0.000000E+0
0.000000E+0
0.000000E+0
0.000000E+0
0.000000E+0
0.000000E+0
0.000000E+0
0.000000E+0
0.000000E+0
0.000000E+0
0.000000E+0
0.000000E+0
0.000000E+0
0.000000E+0
0.000000E+0
0.000000E+0
0.000000E+0
0.000000E+0
0.000000E+0
0.000000E+0
0.000000E+0
0.000000E+0
0.000000E+0
0.000000E+0
0.000000E+0
0.000000E+0
0.000000E+0
0.000000E+0
0.000000E+0
0.000000E+0
0.000000E+0
0.000000E+0
0.000000E+0
0.000000E+0
0.000000E+0
0.000000E+0
0.000000E+0
0.000000E+0
0.000000E+0
0.000000E+0
0.000000E+0
0.000000E+0
0.000000E+0
0.000000E+0
0.000000E+0
0.000000E+0
0.000000E+0
0.000000E+0
0.000000E+0
0.000000E+0
0.000000E+0
0.000000E+0
0.000000E+0
0.000000E+0
0.000000E+0
0.000000E+0
0.000000E+0
0.000000E+0
0.000000E+0
0.000000E+0
0.000000E+0
0.000000E+0
0.000000E+0
0.000000E+0
0.000000E+0
0.000000E+0
0.000000E+0
0.000000E+0
0.000000E+0
0.000000E+0
0.000000E+0
0.000000E+0
0.000000E+0
0.000000E+0
0.000000E+0
0.000000E+0
0.000000E+0
0.000000E+0
0.000000E+0
0.000000E+0
0.000000E+0
0.000000E+0
0.000000E+0
0.000000E+0
0.000000E+0
0.000000E+0
0.000000E+0
0.000000E+0
0.000000E+0
0.000000E+0
0.000000E+0
0.000000E+0
0.000000E+0
0.000000E+0
0.000000E+0
0.000000E+0
0.000000E+0
0.000000E+0
0.000000E+0
0.000000E+0
0.000000E+0
0.000000E+0
0.000000E+0
0.000000E+0
0.000000E+0
0.000000E+0
0.000000E+0
0.000000E+0
0.000000E+0
0.000000E+0
0.000000E+0
0.000000E+0
0.000000E+0
0.000000E+0
0.000000E+0
0.000000E+0
0.000000E+0
0.000000E+0
0.000000E+0
0.000000E+0
0.000000E+0
0.000000E+0
0.000000E+0
0.000000E+0
0.000000E+0
0.000000E+0
0.000000E+0
0.000000E+0
0.000000E+0
0.000000E+0
0.000000E+0
0.000000E+0
0.000000E+0
0.000000E+0
0.000000E+0
0.000000E+0
0.000000E+0
0.000000E+0
0.000000E+0
0.000000E+0
0.000000E+0
0.000000E+0
0.000000E+0
0.000000E+0
0.000000E+0
0.000000E+0
0.000000E+0
0.000000E+0
0.000000E+0
0.000000E+0
0.000000E+0
0.000000E+0
0.000000E+0
0.000000E+0
0.000000E+0
0.000000E+0
0.000000E+0
0.000000E+0
0.000000E+0
0.000000E+0
0.000000E+0
0.000000E+0
0.000000E+0
0.000000E+0
0.000000E+0
0.000000E+0
0.000000E+0
0.000000E+0
0.000000E+0
0.000000E+0
0.000000E+0
0.000000E+0
0.000000E+0
0.000000E+0
0.000000E+0
0.000000E+0
0.000000E+0
0.000000E+0
0.000000E+0
0.000000E+0
0.000000E+0
0.000000E+0
0.000000E+0
0.000000E+0
0.000000E+0
0.000000E+0
0.000000E+0
0.000000E+0
0.000000E+0
0.000000E+0
0.000000E+0
0.000000E+0
0.000000E+0
0.000000E+0
0.000000E+0
0.000000E+0
0.000000E+0
0.000000E+0
0.000000E+0
0.000000E+0
0.000000E+0
0.000000E+0
0.000000E+0
0.000000E+0
0.000000E+0
0.000000E+0
0.000000E+0
0.000000E+0
0.000000E+0
0.000000E+0
0.000000E+0
0.000000E+0
0.000000E+0
0.000000E+0
0.000000E+0
0.000000E+0
0.000000E+0
0.000000E+0
0.000000E+0
0.000000E+0
0.000000E+0
0.000000E+0
0.000000E+0
0.000000E+0
0.000000E+0
0.000000E+0
0.000000E+0
0.000000E+0
0.000000E+0
0.000000E+0
0.000000E+0
0.000000E+0
0.000000E+0
0.000000E+0
0.000000E+0
0.000000E+0
0.000000E+0
0.000000E+0
0.000000E+0
0.000000E+0
0.000000E+0
0.000000E+0
0.000000E+0
0.000000E+0
0.000000E+0
0.000000E+0
0.000000E+0
0.000000E+0
0.000000E+0
0.000000E+0
0.000000E+0
0.000000E+0
0.000000E+0
0.000000E+0
0.000000E+0
0.000000E+0
0.000000E+0
0.000000E+0
0.000000E+0
0.000000E+0
0.000000E+0
0.000000E+0
0.000000E+0
0.000000E+0
0.000000E+0
0.000000E+0
0.000000E+0
0.000000E+0
0.000000E+0
0.000000E+0
0.000000E+0
0.000000E+0
0.000000E+0
0.000000E+0
0.000000E+0
0.000000E+0
0.000000E+0
0.000000E+0
0.000000E+0
0.000000E+0
0.000000E+0
0.000000E+0
0.000000E+0
0.000000E+0
0.000000E+0
0.000000E+0
0.000000E+0
0.000000E+0
0.000000E+0
0.000000E+0
0.000000E+0
0.000000E+0
0.000000E+0
0.000000E+0
0.000000E+0
0.000000E+0
0.000000E+0
0.000000E+0
0.000000E+0
0.000000E+0
0.000000E+0
0.000000E+0
0.000000E+0
0.000000E+0
0.000000E+0
0.000000E+0
0.000000E+0
0.000000E+0
0.000000E+0
0.000000E+0
0.000000E+0
0.000000E+0
0.000000E+0
0.000000E+0
0.000000E+0
0.000000E+0
0.000000E+0
0.000000E+0
0.000000E+0
0.000000E+0
0.000000E+0
0.000000E+0
0.000000E+0
0.000000E+0
0.000000E+0
0.000000E+0
0.000000E+0
0.000000E+0
0.000000E+0
0.000000E+0
0.000000E+0
0.000000E+0
0.000000E+0
0.000000E+0
0.000000E+0
0.000000E+0
0.000000E+0
0.000000E+0
0.000000E+0
0.000000E+0
0.000000E+0
0.000000E+0
0.000000E+0
0.000000E+0
0.000000E+0
0.000000E+0
0.000000E+0
0.000000E+0
0.000000E+0
0.000000E+0
0.000000E+0
0.000000E+0
0.000000E+0
0.000000E+0
0.000000E+0
0.000000E+0
0.000000E+0
0.000000E+0
0.000000E+0
0.000000E+0
0.000000E+0
0.000000E+0
0.000000E+0
0.000000E+0
0.000000E+0
0.000000E+0
0.000000E+0
0.000000E+0
0.000000E+0
0.000000E+0
0.000000E+0
0.000000E+0
0.000000E+0
0.000000E+0
0.000000E+0
0.000000E+0
0.000000E+0
0.000000E+0
0.000000E+0
0.000000E+0
0.000000E+0
0.000000E+0
0.000000E+0
0.000000E+0
0.000000E+0
0.000000E+0
0.000000E+0
0.000000E+0
0.000000E+0
0.000000E+0
0.000000E+0
0.000000E+0
0.000000E+0
0.000000E+0
0.000000E+0
0.000000E+0
0.000000E+0
0.000000E+0
0.000000E+0
0.000000E+0
0.000000E+0
0.000000E+0
0.000000E+0
0.000000E+0
0.000000E+0
0.000000E+0
0.000000E+0
0.000000E+0
0.000000E+0
0.000000E+0
0.000000E+0
0.000000E+0
0.000000E+0
0.000000E+0
0.000000E+0
0.000000E+0
0.000000E+0
0.000000E+0
0.000000E+0
0.000000E+0
0.000000E+0
0.000000E+0
0.000000E+0
0.000000E+0
0.000000E+0
0.000000E+0
0.000000E+0
0.000000E+0
0.000000E+0
0.000000E+0
0.000000E+0
0.000000E+0
0.000000E+0
0.000000E+0
0.000000E+0
0.000000E+0
0.000000E+0
0.000000E+0
0.000000E+0
0.000000E+0
0.000000E+0
0.000000E+0
0.000000E+0
0.000000E+0
0.000000E+0
0.000000E+0
0.000000E+0
0.000000E+0
0.000000E+0
0.000000E+0
0.000000E+0
0.000000E+0
0.000000E+0
0.000000E+0
0.000000E+0
0.000000E+0
0.000000E+0
0.000000E+0
0.000000E+0
0.000000E+0
0.000000E+0
0.000000E+0
0.000000E+0
0.000000E+0
0.000000E+0
0.000000E+0
0.000000E+0
0.000000E+0
0.000000E+0
0.000000E+0
0.000000E+0
0.000000E+0
0.000000E+0
0.000000E+0
0.000000E+0
0.000000E+0
0.000000E+0
0.000000E+0
0.000000E+0
0.000000E+0
0.000000E+0
0.000000E+0
0.000000E+0
0.000000E+0
0.000000E+0
0.000000E+0
0.000000E+0
0.000000E+0
0.000000E+0
0.000000E+0
0.000000E+0
0.000000E+0
0.000000E+0
0.000000E+0
0.000000E+0
0.000000E+0
0.000000E+0
0.000000E+0
0.000000E+0
0.000000E+0
0.000000E+0
0.000000E+0
0.000000E+0
0.000000E+0
0.000000E+0
0.000000E+0
0.000000E+0
0.000000E+0
0.000000E+0
0.000000E+0
0.000000E+0
0.000000E+0
0.000000E+0
0.000000E+0
0.000000E+0
0.000000E+0
0.000000E+0
0.000000E+0
0.000000E+0
0.000000E+0
0.000000E+0
0.000000E+0
0.000000E+0
0.000000E+0
0.000000E+0
0.000000E+0
0.000000E+0
0.000000E+0
0.000000E+0
0.000000E+0
0.000000E+0
0.000000E+0
0.000000E+0
0.000000E+0
0.000000E+0
0.000000E+0
0.000000E+0
0.000000E+0
0.000000E+0
0.000000E+0
0.000000E+0
0.000000E+0
0.000000E+0
0.000000E+0
0.000000E+0
0.000000E+0
0.000000E+0
0.000000E+0
0.000000E+0
0.000000E+0
0.000000E+0
0.000000E+0
0.000000E+0
0.000000E+0
0.000000E+0
0.000000E+0
0.000000E+0
0.000000E+0
0.000000E+0
0.000000E+0
0.000000E+0
0.000000E+0
0.000000E+0
0.000000E+0
0.000000E+0
0.000000E+0
0.000000E+0
0.000000E+0
0.000000E+0
0.000000E+0
0.000000E+0
0.000000E+0
0.000000E+0
0.000000E+0
0.000000E+0
0.000000E+0
0.000000E+0
0.000000E+0
0.000000E+0
0.000000E+0
0.000000E+0
0.000000E+0
0.000000E+0
0.000000E+0
0.000000E+0
0.000000E+0
0.000000E+0
0.000000E+0
0.000000E+0
0.000000E+0
0.000000E+0
0.000000E+0
0.000000E+0
0.000000E+0
0.000000E+0
0.000000E+0
0.000000E+0
0.000000E+0
0.000000E+0
0.000000E+0
0.000000E+0
0.000000E+0
0.000000E+0
0.000000E+0
0.000000E+0
0.000000E+0
0.000000E+0
0.000000E+0
0.000000E+0
0.000000E+0
0.000000E+0
0.000000E+0
0.000000E+0
0.000000E+0
0.000000E+0
0.000000E+0
0.000000E+0
0.000000E+0
0.000000E+0
0.000000E+0
0.000000E+0
0.000000E+0
0.000000E+0
0.000000E+0
0.000000E+0
0.000000E+0
0.000000E+0
0.000000E+0
0.000000E+0
0.000000E+0
0.000000E+0
0.000000E+0
0.000000E+0
0.000000E+0
0.000000E+0
0.000000E+0
0.000000E+0
0.000000E+0
0.000000E+0
0.000000E+0
0.000000E+0
0.000000E+0
0.000000E+0
0.000000E+0
0.000000E+0
0.000000E+0
0.000000E+0
0.000000E+0
0.000000E+0
0.000000E+0
0.000000E+0
0.000000E+0
0.000000E+0
0.000000E+0
0.000000E+0
0.000000E+0
0.000000E+0
0.000000E+0
0.000000E+0
0.000000E+0
0.000000E+0
0.000000E+0
0.000000E+0
0.000000E+0
0.000000E+0
0.000000E+0
0.000000E+0
0.000000E+0
0.000000E+0
0.000000E+0
0.000000E+0
0.000000E+0
0.000000E+0
0.000000E+0
0.000000E+0
0.000000E+0
0.000000E+0
0.000000E+0
0.000000E+0
0.000000E+0
0.000000E+0
0.000000E+0
0.000000E+0
0.000000E+0
0.000000E+0
0.000000E+0
0.000000E+0
0.000000E+0
0.000000E+0
0.000000E+0
0.000000E+0
0.000000E+0
0.000000E+0
0.000000E+0
0.000000E+0
0.000000E+0
0.000000E+0
0.000000E+0
0.000000E+0
0.000000E+0
0.000000E+0
0.000000E+0
0.000000E+0
0.000000E+0
0.000000E+0
0.000000E+0
0.000000E+0
0.000000E+0
0.000000E+0
0.000000E+0
0.000000E+0
0.000000E+0
0.000000E+0
0.000000E+0
0.000000E+0
0.000000E+0
0.000000E+0
0.000000E+0
0.000000E+0
0.000000E+0
0.000000E+0
0.000000E+0
0.000000E+0
0.000000E+0
0.000000E+0
0.000000E+0
0.000000E+0
0.000000E+0
0.000000E+0
0.000000E+0
0.000000E+0
0.000000E+0
0.000000E+0
0.000000E+0
0.000000E+0
0.000000E+0
0.000000E+0
0.000000E+0
0.000000E+0
0.000000E+0
0.000000E+0
0.000000E+0
0.000000E+0
0.000000E+0
0.000000E+0
0.000000E+0
0.000000E+0
0.000000E+0
0.000000E+0
0.000000E+0
0.000000E+0
0.000000E+0
0.000000E+0
0.000000E+0
0.000000E+0
0.000000E+0
0.000000E+0
0.000000E+0
0.000000E+0
0.000000E+0
0.000000E+0
0.000000E+0
0.000000E+0
0.000000E+0
0.000000E+0
0.000000E+0
0.000000E+0
0.000000E+0
0.000000E+0
0.000000E+0
0.000000E+0
0.000000E+0
0.000000E+0
0.000000E+0
0.000000E+0
0.000000E+0
0.000000E+0
0.000000E+0
0.000000E+0
0.000000E+0
0.000000E+0
0.000000E+0
0.000000E+0
0.000000E+0
0.000000E+0
0.000000E+0
0.000000E+0
0.000000E+0
0.000000E+0
0.000000E+0
0.000000E+0
0.000000E+0
0.000000E+0
0.000000E+0
0.000000E+0
0.000000E+0
0.000000E+0
0.000000E+0
0.000000E+0
0.000000E+0
0.000000E+0
0.000000E+0
0.000000E+0
0.000000E+0
0.000000E+0
0.000000E+0
0.000000E+0
0.000000E+0
0.000000E+0
0.000000E+0
0.000000E+0
0.000000E+0
0.000000E+0
0.000000E+0
0.000000E+0
0.000000E+0
0.000000E+0
0.000000E+0
0.000000E+0
0.000000E+0
0.000000E+0
0.000000E+0
0.000000E+0
0.000000E+0
0.000000E+0
0.000000E+0
0.000000E+0
0.000000E+0
0.000000E+0
0.000000E+0
0.000000E+0
0.000000E+0
0.000000E+0
0.000000E+0
0.000000E+0
0.000000E+0
0.000000E+0
0.000000E+0
0.000000E+0
0.000000E+0
0.000000E+0
0.000000E+0
0.000000E+0
0.000000E+0
0.000000E+0
0.000000E+0
0.000000E+0
0.000000E+0
0.000000E+0
0.000000E+0
0.000000E+0
0.000000E+0
0.000000E+0
0.000000E+0
0.000000E+0
0.000000E+0
0.000000E+0
0.000000E+0
0.000000E+0
0.000000E+0
0.000000E+0
0.000000E+0
0.000000E+0
0.000000E+0
0.000000E+0
0.000000E+0
0.000000E+0
0.000000E+0
0.000000E+0
0.000000E+0
0.000000E+0
0.000000E+0
0.000000E+0
0.000000E+0
0.000000E+0
0.000000E+0
0.000000E+0
0.000000E+0
0.000000E+0
0.000000E+0
0.000000E+0
0.000000E+0
0.000000E+0
0.000000E+0
0.000000E+0
0.000000E+0
0.000000E+0
0.000000E+0
0.000000E+0
0.000000E+0
0.000000E+0
0.000000E+0
0.000000E+0
0.000000E+0
0.000000E+0
0.000000E+0
0.000000E+0
0.000000E+0
0.000000E+0
0.000000E+0
0.000000E+0
0.000000E+0
0.000000E+0
0.000000E+0
0.000000E+0
0.000000E+0
0.000000E+0
0.000000E+0
0.000000E+0
0.000000E+0
0.000000E+0
0.000000E+0
0.000000E+0
0.000000E+0
0.000000E+0
0.000000E+0
0.000000E+0
0.000000E+0
0.000000E+0
0.000000E+0
0.000000E+0
0.000000E+0
0.000000E+0
0.000000E+0
0.000000E+0
0.000000E+0
0.000000E+0
0.000000E+0
0.000000E+0
0.000000E+0
0.000000E+0
0.000000E+0
0.000000E+0
0.000000E+0
0.000000E+0
0.000000E+0
0.000000E+0
0.000000E+0
0.000000E+0
0.000000E+0
0.000000E+0
0.000000E+0
0.000000E+0
0.000000E+0
0.000000E+0
0.000000E+0
0.000000E+0
0.000000E+0
0.000000E+0
0.000000E+0
0.000000E+0
0.000000E+0
0.000000E+0
0.000000E+0
0.000000E+0
0.000000E+0
0.000000E+0
0.000000E+0
0.000000E+0
0.000000E+0
0.000000E+0
0.000000E+0
0.000000E+0
0.000000E+0
0.000000E+0
0.000000E+0
0.000000E+0
0.000000E+0
0.000000E+0
0.000000E+0
0.000000E+0
0.000000E+0
0.000000E+0
0.000000E+0
0.000000E+0
0.000000E+0
0.000000E+0
0.000000E+0
0.000000E+0
0.000000E+0
0.000000E+0
0.000000E+0
0.000000E+0
0.000000E+0
0.000000E+0
0.000000E+0
0.000000E+0
0.000000E+0
0.000000E+0
0.000000E+0
0.000000E+0
0.000000E+0
0.000000E+0
0.000000E+0
0.000000E+0
0.000000E+0
0.000000E+0
0.000000E+0
0.000000E+0
0.000000E+0
0.000000E+0
0.000000E+0
0.000000E+0
0.000000E+0
0.000000E+0
0.000000E+0
0.000000E+0
0.000000E+0
0.000000E+0
0.000000E+0
0.000000E+0
0.000000E+0
0.000000E+0
0.000000E+0
0.000000E+0
0.000000E+0
0.000000E+0
0.000000E+0
0.000000E+0
0.000000E+0
0.000000E+0
0.000000E+0
0.000000E+0
0.000000E+0
0.000000E+0
0.000000E+0
0.000000E+0
0.000000E+0
0.000000E+0
0.000000E+0
0.000000E+0
0.000000E+0
0.000000E+0
0.000000E+0
0.000000E+0
0.000000E+0
0.000000E+0
0.000000E+0
0.000000E+0
0.000000E+0
0.000000E+0
0.000000E+0
0.000000E+0
0.000000E+0
0.000000E+0
0.000000E+0
0.000000E+0
0.000000E+0
0.000000E+0
0.000000E+0
0.000000E+0
0.000000E+0
0.000000E+0
0.000000E+0
0.000000E+0
0.000000E+0
0.000000E+0
0.000000E+0
0.000000E+0
0.000000E+0
0.000000E+0
0.000000E+0
0.000000E+0
0.000000E+0
0.000000E+0
0.000000E+0
0.000000E+0
0.000000E+0
0.000000E+0
0.000000E+0
0.000000E+0
0.000000E+0
0.000000E+0
0.000000E+0
0.000000E+0
0.000000E+0
0.000000E+0
0.000000E+0
0.000000E+0
0.000000E+0
0.000000E+0
0.000000E+0
0.000000E+0
0.000000E+0
0.000000E+0
0.000000E+0
0.000000E+0
0.000000E+0
0.000000E+0
0.000000E+0
0.000000E+0
0.000000E+0
0.000000E+0
0.000000E+0
0.000000E+0
0.000000E+0
0.000000E+0
0.000000E+0
0.000000E+0
0.000000E+0
0.000000E+0
0.000000E+0
0.000000E+0
0.000000E+0
0.000000E+0
0.000000E+0
0.000000E+0
0.000000E+0
0.000000E+0
0.000000E+0
0.000000E+0
0.000000E+0
0.000000E+0
0.000000E+0
0.000000E+0
0.000000E+0
0.000000E+0
0.000000E+0
0.000000E+0
0.000000E+0
0.000000E+0
0.000000E+0
0.000000E+0
0.000000E+0
0.000000E+0
0.000000E+0
0.000000E+0
0.000000E+0
0.000000E+0
0.000000E+0
0.000000E+0
0.000000E+0
0.000000E+0
0.000000E+0
0.000000E+0
0.000000E+0
0.000000E+0
0.000000E+0
0.000000E+0
0.000000E+0
0.000000E+0
0.000000E+0
0.000000E+0
0.000000E+0
0.000000E+0
0.000000E+0
0.000000E+0
0.000000E+0
0.000000E+0
0.000000E+0
0.000000E+0
0.000000E+0
0.000000E+0
0.000000E+0
0.000000E+0
0.000000E+0
0.000000E+0
0.000000E+0
0.000000E+0
0.000000E+0
0.000000E+0
0.000000E+0
0.000000E+0
0.000000E+0
0.000000E+0
0.000000E+0
0.000000E+0
0.000000E+0
0.000000E+0
0.000000E+0
0.000000E+0
0.000000E+0
0.000000E+0
0.000000E+0
0.000000E+0
0.000000E+0
0.000000E+0
0.000000E+0
0.000000E+0
0.000000E+0
0.000000E+0
0.000000E+0
0.000000E+0
0.000000E+0
0.000000E+0
0.000000E+0
0.000000E+0
0.000000E+0
0.000000E+0
0.000000E+0
0.000000E+0
0.000000E+0
0.000000E+0
0.000000E+0
0.000000E+0
0.000000E+0
0.000000E+0
0.000000E+0
0.000000E+0
0.000000E+0
0.000000E+0
0.000000E+0
0.000000E+0
0.000000E+0
0.000000E+0
0.000000E+0
0.000000E+0
0.000000E+0
0.000000E+0
0.000000E+0
0.000000E+0
0.000000E+0
0.000000E+0
0.000000E+0
0.000000E+0
0.000000E+0
0.000000E+0
0.000000E+0
0.000000E+0
0.000000E+0
0.000000E+0
0.000000E+0
0.000000E+0
0.000000E+0
0.000000E+0
0.000000E+0
0.000000E+0
0.000000E+0
0.000000E+0
0.000000E+0
0.000000E+0
0.000000E+0
0.000000E+0
0.000000E+0
0.000000E+0
0.000000E+0
0.000000E+0
0.000000E+0
0.000000E+0
8.820000E+2
1.731000E+3
1.234500E+4
0.000000E+0
0.000000E+0